Gracz   0.26744985580444336 0.42232775688171387 1
Kacper   0.28110265731811523 0.4094376564025879 6
Jery   0.2925374507904053 0.18844943046569823 7
Eryk   0.29363322257995605 0.5570974826812745 -1
Kacper   0.27151966094970703 0.14096336364746093 4
Maja   0.24016809463500977 0.07024674415588378 3
Pudzian   0.42224693298339844 0.08655433654785155 6
Obama   0.2960331439971924 0.13157753944396972 4
gawendz   0.2907540798187256 0.06374554634094237 -2
gawendz   0.2907540798187256 0.06374554634094237 5
Player   0.3659629821777344 0.20611720085144042 1
